0 0.451265625 0.7197083333333334 0.0297890625 0.03959722222222222
0 0.6014140625 0.8532916666666667 0.037617187499999996 0.03302777777777778
0 0.5425546875 0.694763888888889 0.0307734375 0.028375
0 0.8273828125 0.6545833333333333 0.0132265625 0.02752777777777778
0 0.6917734375 0.5953888888888889 0.0216796875 0.02301388888888889
0 0.1126484375 0.8003194444444445 0.0365625 0.04747222222222222
1 0.1789921875 0.8888194444444445 0.137859375 0.21108333333333332
1 0.715875 0.8906805555555555 0.1103046875 0.21862499999999999
1 0.6044140625 0.6606944444444445 0.09890625 0.2111388888888889
1 0.7371171875 0.596375 0.07535937499999999 0.1679027777777778
1 0.8986875 0.6922777777777778 0.0480546875 0.1616388888888889
0 0.8400859374999999 0.5231666666666667 0.0169375 0.013625
1 0.8829140625 0.5477361111111111 0.0409296875 0.1021388888888889
0 0.72275 0.46858333333333335 0.0115234375 0.030069444444444444
1 0.755265625 0.4596666666666666 0.050046875000000005 0.10645833333333334