0 0.11289843749999999 0.8129861111111112 0.029164062499999997 0.05356944444444445
1 0.1490546875 0.8828472222222222 0.1315625 0.23429166666666668
0 0.474046875 0.6527916666666667 0.0293359375 0.03476388888888889
1 0.5572421875 0.7104444444444444 0.09864843749999999 0.22459722222222223
0 0.3757578125 0.5516805555555555 0.03 0.0265
1 0.42207812499999997 0.5782083333333333 0.09183593749999999 0.16333333333333333
0 0.31240625 0.4466111111111111 0.0153671875 0.03895833333333333
1 0.3323125 0.4561527777777778 0.08265625 0.13277777777777777
0 0.5981171875 0.5109027777777778 0.02109375 0.022263888888888892
1 0.6287421875 0.5040833333333333 0.0731953125 0.1463888888888889
0 0.7242578125 0.46143055555555557 0.014835937499999998 0.016
1 0.747390625 0.475 0.056874999999999995 0.13581944444444446