0 0.39428125 0.55425 0.023734375 0.03352777777777778
1 0.4195078125 0.561625 0.0876015625 0.16547222222222221
0 0.3127578125 0.4484166666666667 0.016328125 0.03843055555555556
1 0.3332578125 0.45708333333333334 0.0818203125 0.14194444444444446
0 0.6113203125 0.870875 0.0372890625 0.04745833333333334
1 0.6394296875000001 0.9030833333333333 0.1353046875 0.19383333333333333
0 0.4868203125 0.42475 0.0249765625 0.025180555555555553
1 0.5212578125 0.4290416666666667 0.0724140625 0.1360138888888889
0 0.736 0.5734305555555556 0.0210078125 0.041499999999999995
1 0.7633046875 0.5919583333333333 0.079625 0.15340277777777778
0 0.7418359375 0.4446111111111111 0.012656249999999999 0.020402777777777777
1 0.7481328125 0.46013888888888893 0.0681796875 0.09958333333333334