0 0.31603906249999997 0.46244444444444444 0.020148437499999998 0.02318055555555556
0 0.38225 0.5526805555555556 0.022226562499999998 0.02766666666666667
0 0.742203125 0.44326388888888885 0.01171875 0.017472222222222222
0 0.7365468749999999 0.5743472222222222 0.017570312499999997 0.033791666666666664
1 0.35050781249999996 0.46159722222222227 0.0662578125 0.12048611111111111
1 0.4262890625 0.5607777777777778 0.07568749999999999 0.17679166666666668
1 0.7721171874999999 0.5852361111111111 0.061820312499999995 0.1425
1 0.7592265625 0.46226388888888886 0.039468750000000004 0.10558333333333333
1 0.550984375 0.36325 0.035671875 0.07702777777777778
0 0.48859375 0.37106944444444445 0.0159296875 0.015555555555555555
0 0.48471093749999994 0.42443055555555553 0.0271796875 0.020847222222222222
1 0.5206015625 0.4190138888888889 0.05609375 0.11633333333333334