0 0.3124296875 0.45525 0.017085937500000002 0.04486111111111111
1 0.33271875 0.47256944444444443 0.0748046875 0.16329166666666667
0 0.4485 0.5475694444444444 0.0166640625 0.03293055555555556
1 0.4940234375 0.5291527777777778 0.0734375 0.17133333333333334
0 0.47259375 0.65525 0.027140625 0.02886111111111111
1 0.5161953125000001 0.7208055555555556 0.13577343749999998 0.24988888888888888
0 0.5957109375 0.5085694444444445 0.01528125 0.02783333333333333
1 0.6232109375 0.5070555555555555 0.0678828125 0.1736111111111111
0 0.3761171875 0.5527083333333334 0.02815625 0.024041666666666666
1 0.42655468750000003 0.5659305555555556 0.08953124999999999 0.15636111111111112
0 0.6763828125 0.4055277777777778 0.0150390625 0.017875
1 0.7093125 0.39884722222222224 0.03425 0.079625