0 0.595609375 0.8910833333333333 0.0356953125 0.052319444444444446
1 0.7114921875 0.8795416666666667 0.1506640625 0.236875
0 0.3805703125 0.5494861111111111 0.029171875000000003 0.022555555555555554
1 0.45162500000000005 0.5636388888888889 0.098765625 0.15759722222222222
0 0.27871875 0.3978055555555556 0.0170390625 0.01898611111111111
1 0.3294921875 0.386875 0.055140625 0.08537499999999999
0 0.7302109375 0.5878888888888889 0.0209375 0.029277777777777774
1 0.775984375 0.6244166666666666 0.065453125 0.10276388888888888
0 0.6314921874999999 0.5151388888888888 0.021281249999999998 0.02454166666666667
1 0.6510390625 0.5174444444444445 0.062796875 0.09972222222222221
0 0.5519375 0.42994444444444446 0.01540625 0.019083333333333334
1 0.58078125 0.42162499999999997 0.05005468749999999 0.10027777777777779