0 0.616046875 0.8475416666666666 0.02309375 0.05748611111111111
0 0.44851562500000003 0.7176527777777778 0.026187500000000002 0.03652777777777778
0 0.5489375 0.6980694444444444 0.0337890625 0.02676388888888889
0 0.698546875 0.61025 0.02265625 0.02876388888888889
0 0.8272734375 0.6551666666666667 0.0134296875 0.029194444444444443
0 0.812703125 0.5300416666666666 0.0173671875 0.022486111111111113
0 0.1132890625 0.8007916666666668 0.0353359375 0.04751388888888889
1 0.17784375 0.8909722222222223 0.1264609375 0.2180416666666667
1 0.6634296875000001 0.8663055555555556 0.12062500000000001 0.2673888888888889
1 0.487875 0.7143055555555555 0.1045390625 0.23972222222222223
1 0.6140859375 0.66175 0.08735156250000001 0.20122222222222222
1 0.7463515625 0.6081388888888889 0.07878906249999999 0.16902777777777778
1 0.9086015625 0.6982638888888889 0.05715625 0.16236111111111112
1 0.8698203124999999 0.5366111111111111 0.0573125 0.11305555555555556
0 0.7228203125 0.4699305555555556 0.0125703125 0.03245833333333333
1 0.7548125 0.45933333333333337 0.048890625 0.10962500000000001
0 0.6633515625 0.44665277777777773 0.013367187499999999 0.02479166666666667
1 0.685109375 0.4185 0.03215625 0.08593055555555555