0 0.376328125 0.5511666666666666 0.0340546875 0.029638888888888888
0 0.4741640625 0.6525833333333334 0.030601562500000002 0.03718055555555556
1 0.43039062499999997 0.57775 0.08990625 0.13949999999999999
1 0.5187109375000001 0.7099722222222222 0.1277890625 0.21863888888888888
0 0.7024765625 0.6137222222222222 0.017765625 0.01863888888888889
1 0.7260625 0.6090416666666667 0.0873125 0.14831944444444445
0 0.73253125 0.47019444444444447 0.016890625 0.021708333333333333
1 0.76090625 0.46534722222222225 0.0430859375 0.10598611111111111
0 0.6766875 0.4051388888888889 0.0148828125 0.020444444444444446
1 0.703359375 0.3978055555555556 0.04159375 0.08452777777777777
0 0.45764062499999997 0.3720277777777778 0.018375 0.01983333333333333
1 0.5042578125 0.35165277777777776 0.057874999999999996 0.11493055555555555