0 0.6967734375 0.6159305555555556 0.0248125 0.029777777777777778
0 0.37165625 0.5553888888888889 0.027968749999999997 0.023027777777777775
0 0.6041328125 0.5157083333333333 0.021976562499999998 0.021652777777777778
0 0.1097421875 0.8129861111111112 0.025773437500000003 0.06063888888888888
1 0.14910937500000002 0.8799027777777777 0.13348437500000002 0.2200138888888889
1 0.42689062499999997 0.5628888888888889 0.0859921875 0.1527361111111111
1 0.632609375 0.5005694444444445 0.0715625 0.14844444444444443
1 0.7394765624999999 0.6190138888888889 0.06852343749999999 0.13965277777777776
0 0.727328125 0.4624027777777778 0.0177734375 0.01936111111111111
0 0.74471875 0.45786111111111116 0.017218749999999998 0.01988888888888889
1 0.761609375 0.46929166666666666 0.04828125 0.11761111111111112
0 0.658796875 0.40987500000000004 0.01378125 0.01351388888888889
1 0.6846796875 0.38716666666666666 0.0408125 0.08113888888888889