0 0.190203125 0.745736111111111 0.0248671875 0.064875
1 0.26985156250000003 0.8149027777777778 0.12315625 0.26576388888888886
0 0.5727890625 0.9316805555555555 0.045171875 0.059319444444444445
1 0.6715625000000001 0.914513888888889 0.18758593750000002 0.17097222222222222
0 0.60778125 0.842125 0.028359375 0.05120833333333333
1 0.6826015625 0.8296666666666667 0.1029296875 0.15768055555555555
0 0.444828125 0.5390555555555555 0.025031249999999998 0.028958333333333336
1 0.5143984374999999 0.5335 0.08089062500000001 0.15130555555555555
0 0.87803125 0.7312083333333333 0.0217734375 0.03861111111111111
1 0.9162890625 0.7128194444444444 0.0685625 0.16570833333333335
0 0.5327578125 0.43072222222222223 0.0222421875 0.023500000000000004
1 0.5765078124999999 0.42800000000000005 0.0620234375 0.10554166666666666
0 0.7587109375 0.46084722222222224 0.0178046875 0.017458333333333333
1 0.7872421875 0.4636805555555556 0.050249999999999996 0.1331527777777778