0 0.1050546875 0.8158194444444444 0.029640624999999997 0.06597222222222222
0 0.5723359375 0.9338055555555556 0.043578125 0.06394444444444444
0 0.6023515625 0.844388888888889 0.0290078125 0.060500000000000005
0 0.72628125 0.8189583333333333 0.025265625000000003 0.07558333333333334
0 0.8725078125 0.7360416666666667 0.01853125 0.03131944444444445
0 0.6066953125000001 0.6638611111111111 0.027218750000000003 0.05826388888888889
0 0.8625468749999999 0.5134583333333333 0.0118046875 0.041305555555555554
1 0.0742890625 0.8415555555555555 0.1202734375 0.27405555555555555
1 0.6411796875 0.6717361111111111 0.082984375 0.18297222222222223
1 0.6615390624999999 0.8246805555555555 0.0833359375 0.14777777777777779
1 0.7572109375 0.8427222222222223 0.06461718749999999 0.1922361111111111
1 0.6809921875 0.9121944444444444 0.1281328125 0.1756111111111111
1 0.88375 0.5267083333333333 0.049265625 0.079
1 0.9226796875 0.6945 0.0632890625 0.12369444444444445
0 0.44850781250000005 0.5474861111111111 0.0253828125 0.04533333333333334
1 0.5186640625 0.5355138888888888 0.06221875 0.15237499999999998
0 0.756 0.45248611111111114 0.01315625 0.024944444444444446
1 0.784890625 0.4475277777777778 0.0484609375 0.10090277777777779