0 0.27809375 0.3975416666666667 0.01590625 0.02369444444444444
1 0.33284375 0.38534722222222223 0.0565859375 0.09752777777777778
0 0.381046875 0.5502361111111111 0.027859375 0.023166666666666665
1 0.4471015625 0.5551805555555556 0.09321874999999999 0.15170833333333333
0 0.592390625 0.8879444444444445 0.032390625 0.05159722222222222
1 0.6994687500000001 0.8740694444444445 0.154765625 0.2518611111111111
0 0.7303359375 0.5886944444444444 0.019421874999999998 0.029666666666666668
1 0.75171875 0.6467916666666667 0.11015625 0.16066666666666668
0 0.631859375 0.5133611111111112 0.021242187500000002 0.028194444444444446
1 0.7467890625 0.5113472222222223 0.0968671875 0.15984722222222222
1 0.6545859375 0.5195416666666667 0.0609375 0.10404166666666666