0 0.11253125 0.8003333333333333 0.0426796875 0.05209722222222222
0 0.4512890625 0.7208749999999999 0.0336015625 0.043444444444444445
0 0.54259375 0.6942083333333333 0.0347109375 0.03155555555555555
1 0.6116953125 0.650513888888889 0.0949453125 0.19908333333333333
0 0.155734375 0.8981388888888888 0.028875 0.04786111111111111
1 0.18615625 0.8954861111111111 0.1126015625 0.20805555555555558
0 0.6905078125 0.5941111111111111 0.0211015625 0.024291666666666663
1 0.7408359375 0.5959444444444444 0.0850546875 0.14873611111111112
0 0.8272109375 0.6541250000000001 0.0164296875 0.03308333333333333
1 0.8511875 0.7105138888888889 0.082578125 0.13445833333333335
1 0.07466406249999999 0.8628194444444445 0.11953906249999999 0.2693333333333333
1 0.513765625 0.7074305555555556 0.107375 0.22008333333333335
0 0.8411484375 0.5226805555555555 0.013960937500000001 0.014319444444444445
1 0.8773203125 0.5383611111111111 0.0494140625 0.08830555555555555