0 0.094328125 0.8000416666666667 0.027726562500000003 0.04351388888888889
0 0.46616406250000003 0.6553611111111112 0.029164062499999997 0.03501388888888889
0 0.386171875 0.553125 0.022453124999999997 0.03901388888888889
0 0.6008671875 0.5058750000000001 0.0224140625 0.018430555555555554
0 0.4499765625 0.5400833333333334 0.018765625 0.02672222222222222
1 0.12461718749999999 0.8550277777777778 0.1292265625 0.26548611111111114
1 0.42114062499999994 0.5735972222222222 0.08959375 0.15916666666666665
1 0.49964062499999995 0.5285 0.0857421875 0.1797361111111111
1 0.6588984375 0.518375 0.065609375 0.11258333333333334
1 0.504984375 0.7048333333333333 0.136484375 0.21675
0 0.696359375 0.8123611111111111 0.025109375 0.03890277777777778
1 0.7536328125 0.842875 0.08442187500000001 0.234125
0 0.7564609375 0.45386111111111105 0.014601562500000002 0.01925
1 0.7815703125 0.4589027777777778 0.05903125 0.09115277777777778