0 0.1112109375 0.8154444444444444 0.028171875000000002 0.05548611111111112
1 0.1499609375 0.879875 0.14253906249999998 0.2402638888888889
0 0.372484375 0.5566527777777778 0.026351562499999998 0.021222222222222222
1 0.4266875 0.579375 0.09518750000000001 0.14825
0 0.47440625000000003 0.6517777777777778 0.02578125 0.030847222222222224
1 0.51971875 0.7140555555555556 0.11640625 0.24218055555555557
0 0.694421875 0.6171527777777778 0.024179687499999998 0.029666666666666668
1 0.7476953125 0.6470555555555555 0.0705078125 0.19652777777777777
0 0.5978203125 0.5084861111111111 0.018 0.02786111111111111
1 0.62415625 0.5070416666666666 0.0738359375 0.1559861111111111
0 0.7253203125 0.4605 0.015867187499999998 0.01676388888888889
1 0.7500234375 0.47665277777777776 0.054031249999999996 0.13756944444444444