0 0.47303125 0.6548472222222222 0.0241015625 0.03259722222222222
1 0.5266875 0.7189166666666666 0.11978124999999999 0.23326388888888888
0 0.6972265625 0.6160138888888889 0.031453125 0.027680555555555555
1 0.7462265625 0.6496527777777777 0.0770859375 0.2117361111111111
0 0.113546875 0.8123055555555556 0.028578125 0.0546388888888889
1 0.1498671875 0.8836111111111111 0.1326328125 0.23277777777777778
0 0.3716796875 0.5553611111111111 0.02784375 0.017763888888888888
1 0.4291484375 0.5748333333333333 0.089484375 0.16990277777777776
0 0.454546875 0.5489444444444445 0.0234375 0.025041666666666667
1 0.50809375 0.5255833333333334 0.0631875 0.19184722222222222
0 0.7282734375000001 0.4620694444444444 0.0190078125 0.020916666666666667
1 0.7533671875 0.4511666666666666 0.0406171875 0.08705555555555555
0 0.5990703125 0.5104583333333333 0.015085937499999999 0.016055555555555556
1 0.6289687500000001 0.4946666666666667 0.060046875 0.1115138888888889