0 0.6903671874999999 0.810513888888889 0.0361796875 0.04477777777777778
1 0.758046875 0.8335694444444444 0.09032812500000001 0.2232361111111111
0 0.46599218750000004 0.6565138888888888 0.0306875 0.035541666666666666
1 0.5071718749999999 0.70825 0.1378515625 0.24930555555555556
0 0.6004765625 0.5045138888888889 0.015421874999999998 0.02227777777777778
1 0.64553125 0.5341944444444444 0.08975 0.15183333333333332
0 0.44803906250000003 0.5414444444444444 0.01846875 0.03397222222222222
1 0.497171875 0.5268472222222222 0.080640625 0.16119444444444445
0 0.3863203125 0.5556944444444445 0.0326171875 0.030416666666666665
1 0.42141406249999996 0.6216388888888889 0.084765625 0.2264722222222222
0 0.0959296875 0.803861111111111 0.029312500000000002 0.04870833333333333
1 0.1294296875 0.8591944444444445 0.1231875 0.2770138888888889
0 0.710125 0.6763888888888889 0.026070312499999998 0.029180555555555557
1 0.738171875 0.6526111111111111 0.09231249999999999 0.21220833333333333