0 0.1082421875 0.6298888888888888 0.024179687499999998 0.040138888888888884
0 0.37317187500000004 0.5504861111111111 0.0241484375 0.03126388888888889
0 0.8344609374999999 0.526375 0.017921875 0.014902777777777779
0 0.44678125 0.5385416666666667 0.02359375 0.02779166666666667
1 0.17295312499999999 0.6227083333333334 0.124 0.19461111111111112
1 0.40442968749999997 0.5643055555555556 0.08757812499999999 0.15308333333333332
1 0.49024999999999996 0.5391250000000001 0.0770234375 0.16825
1 0.8776249999999999 0.5378055555555556 0.0527578125 0.08984722222222222
0 0.808390625 0.5244444444444445 0.0175546875 0.018791666666666665
0 0.7202890625 0.46631944444444445 0.0186953125 0.02026388888888889
1 0.7928515625 0.4595694444444444 0.039953125 0.08759722222222223
0 0.4684609375 0.36233333333333334 0.013859374999999998 0.020444444444444446
1 0.485796875 0.35997222222222225 0.0412421875 0.09575