0 0.11234375 0.7997222222222221 0.03546875 0.04638888888888889
1 0.179140625 0.8909722222222223 0.136125 0.21805555555555556
0 0.44789843749999997 0.7171944444444445 0.0270859375 0.03963888888888889
1 0.490234375 0.724486111111111 0.1202890625 0.29494444444444445
0 0.5988359375 0.8283333333333333 0.026421875 0.06891666666666667
1 0.6507578125 0.8654861111111111 0.14490625 0.2690138888888889
0 0.6914140625 0.5912916666666667 0.0268125 0.030472222222222223
1 0.7370625000000001 0.6020833333333333 0.10010156249999999 0.1754861111111111
0 0.8152890625 0.7395555555555556 0.022578124999999998 0.026833333333333334
1 0.8514609375 0.7560277777777779 0.08206250000000001 0.22280555555555553
0 0.8268437499999999 0.6535138888888888 0.013960937500000001 0.026916666666666665
1 0.8969609374999999 0.7017222222222222 0.057351562499999995 0.15533333333333335
0 0.8119999999999999 0.5295416666666667 0.017710937500000003 0.01972222222222222
1 0.8646953125 0.5375833333333333 0.077671875 0.12418055555555554
0 0.3553671875 0.37106944444444445 0.012109375 0.03038888888888889
1 0.36646875 0.3726388888888889 0.060015624999999996 0.09904166666666667
0 0.18174218749999999 0.6244722222222222 0.027414062500000003 0.04502777777777778
1 0.230203125 0.6289583333333334 0.11489843749999999 0.1728611111111111