0 0.11268750000000001 0.8001111111111112 0.041031250000000005 0.04690277777777778
0 0.5553203124999999 0.6881111111111111 0.03071875 0.034138888888888885
0 0.6115468749999999 0.8083472222222222 0.0303046875 0.06651388888888889
0 0.6825390625 0.7834861111111111 0.0159140625 0.036597222222222225
0 0.8270546875000001 0.6547222222222222 0.014687500000000001 0.030083333333333333
1 0.6235 0.6543749999999999 0.07553125000000001 0.19209722222222222
1 0.7538671875 0.7975416666666667 0.0886015625 0.17670833333333333
1 0.8433359375 0.7355277777777778 0.09225781250000001 0.1753333333333333
1 0.07078124999999999 0.8378888888888889 0.12390625 0.27366666666666667
1 0.6460859375 0.8793472222222222 0.1402890625 0.24131944444444445
0 0.8107734375 0.5289583333333334 0.019359375 0.021500000000000002
1 0.8706484375000001 0.5249166666666667 0.0556640625 0.09945833333333333