1 0.5242578124999999 0.6994305555555556 0.0750234375 0.24340277777777777
0 0.46568750000000003 0.6555833333333333 0.0251875 0.03302777777777778
1 0.7619296875 0.8378472222222222 0.0851171875 0.21559722222222222
0 0.6893125 0.8051944444444444 0.0275625 0.02351388888888889
1 0.7461562500000001 0.6387777777777778 0.06889062500000001 0.17743055555555556
0 0.6992578125 0.6793194444444445 0.027046874999999998 0.03319444444444444
0 0.44671874999999994 0.5403749999999999 0.0242265625 0.025166666666666667
1 0.494703125 0.5296111111111111 0.068546875 0.17993055555555557
0 0.600625 0.5045138888888889 0.01865625 0.013083333333333334
0 0.6213671875 0.4897222222222223 0.0192109375 0.014513888888888889
1 0.65409375 0.514625 0.057625 0.11940277777777777
1 0.686140625 0.49213888888888885 0.0353828125 0.13608333333333333
0 0.095296875 0.796 0.023828125 0.03052777777777778
1 0.134296875 0.8487638888888889 0.1065859375 0.268