0 0.5962734375000001 0.5150972222222222 0.017921875 0.02125
0 0.72996875 0.5741111111111111 0.0190546875 0.043180555555555555
0 0.7796015625 0.7149444444444444 0.030820312500000002 0.03222222222222222
1 0.6352421875 0.49225 0.063265625 0.14616666666666667
1 0.76378125 0.5870694444444444 0.070765625 0.15070833333333333
1 0.8437734375 0.7220555555555556 0.0861953125 0.1938888888888889
0 0.4925859375 0.4262361111111111 0.0278125 0.021375
1 0.5515703125 0.4359722222222222 0.054515625 0.08959722222222223
0 0.48829687499999996 0.369875 0.018632812500000002 0.01588888888888889
1 0.5388984375 0.35904166666666665 0.061375 0.06838888888888889
0 0.43060937499999996 0.3256388888888889 0.014070312500000001 0.015222222222222224
1 0.4601484375 0.31316666666666665 0.047265625 0.07608333333333334