0 0.572078125 0.9332083333333333 0.043015625 0.05584722222222222
0 0.6075625 0.8455277777777778 0.0285546875 0.06520833333333334
0 0.7217265625 0.8056666666666668 0.018062500000000002 0.05319444444444444
1 0.6930156249999999 0.9142361111111111 0.14053125 0.17151388888888888
1 0.6760625 0.8426527777777778 0.1135703125 0.20504166666666665
1 0.7529140625 0.8464166666666666 0.057374999999999995 0.22120833333333334
1 0.91884375 0.7191111111111111 0.07040625 0.17987499999999998
0 0.87834375 0.7339166666666667 0.02146875 0.03344444444444444
0 0.6053515625 0.6790833333333334 0.024640625 0.06083333333333333
1 0.6450234375 0.6907361111111111 0.091609375 0.1881388888888889
0 0.44508593750000003 0.5381527777777778 0.02659375 0.02736111111111111
1 0.529828125 0.5466805555555556 0.085390625 0.17011111111111113
0 0.5342890625 0.4298888888888889 0.0202421875 0.016569444444444446
1 0.5775546874999999 0.42394444444444446 0.058367187499999994 0.09522222222222222
0 0.7597734375 0.45970833333333333 0.01753125 0.016374999999999997
1 0.7860625 0.44990277777777776 0.051171875 0.1067361111111111
0 0.2063203125 0.7764444444444444 0.0291015625 0.06066666666666667
1 0.271484375 0.800263888888889 0.100546875 0.24008333333333334