0 0.473421875 0.6555833333333333 0.0270859375 0.03259722222222222
1 0.5161640625 0.7143333333333334 0.1374296875 0.22626388888888888
0 0.3771796875 0.5516805555555555 0.028304687499999998 0.030472222222222223
1 0.42523437499999994 0.5622916666666667 0.11583593750000001 0.16445833333333332
0 0.59709375 0.5091249999999999 0.015640625 0.022097222222222223
1 0.62265625 0.5166388888888889 0.0692421875 0.16820833333333332
0 0.7253437500000001 0.4728333333333333 0.0121796875 0.01351388888888889
1 0.752875 0.4723472222222222 0.0525390625 0.12965277777777778
0 0.700875 0.6209027777777778 0.02421875 0.029569444444444443
1 0.726828125 0.6379444444444444 0.0889296875 0.2001527777777778
0 0.30670312499999997 0.4595277777777778 0.0233359375 0.03888888888888889
1 0.3276015625 0.4754166666666667 0.0783046875 0.15940277777777778
0 0.6757578125 0.40516666666666673 0.0142578125 0.0205
1 0.7101875 0.3984583333333333 0.03490625 0.08195833333333333