0 0.4551015625 0.5526388888888889 0.0213984375 0.026430555555555558
0 0.37227343749999997 0.4545972222222222 0.018664062500000002 0.028277777777777777
0 0.48724999999999996 0.42331944444444447 0.02640625 0.02201388888888889
0 0.6443125000000001 0.39711111111111114 0.018312500000000002 0.01984722222222222
1 0.41035937499999997 0.4330833333333333 0.0664765625 0.147625
1 0.4994140625 0.5334305555555555 0.079171875 0.16825
1 0.527296875 0.4155277777777778 0.0637578125 0.109
0 0.6683828125 0.4170555555555555 0.017656250000000002 0.017458333333333333
1 0.68759375 0.41833333333333333 0.0419609375 0.11316666666666667
0 0.0160078125 0.6495972222222222 0.0155078125 0.034597222222222224
1 0.060406249999999995 0.6448333333333333 0.0890859375 0.2179722222222222
0 0.6147890625 0.5056111111111111 0.016718749999999998 0.016374999999999997
1 0.6217578125000001 0.4997361111111111 0.075515625 0.1355