0 0.618125 0.8761527777777778 0.028054687499999998 0.03719444444444445
1 0.64771875 0.9060416666666667 0.1315625 0.18791666666666668
0 0.7360078125 0.5678472222222223 0.0203359375 0.04541666666666667
1 0.76271875 0.5946666666666667 0.080015625 0.15654166666666666
0 0.74159375 0.4434722222222222 0.013296875 0.022583333333333337
1 0.775890625 0.4650694444444445 0.0483515625 0.1009861111111111
0 0.31560156250000004 0.45434722222222224 0.0131640625 0.034847222222222224
1 0.332296875 0.4565 0.08207031249999999 0.13530555555555557
0 0.48767187500000003 0.37066666666666664 0.018328125 0.019736111111111114
1 0.5212109375 0.3588472222222222 0.05535156249999999 0.08294444444444445
0 0.6008671875 0.5143888888888889 0.0170234375 0.01788888888888889
1 0.6386171875 0.4901111111111111 0.06364062499999999 0.13734722222222223