0 0.45584375 0.5505694444444444 0.0178046875 0.034236111111111106
1 0.49996093750000004 0.5350138888888889 0.076296875 0.1648888888888889
0 0.3720625 0.45418055555555553 0.0188125 0.024347222222222225
1 0.4107265625 0.4449305555555556 0.0713515625 0.12040277777777778
0 0.612859375 0.5034166666666666 0.01703125 0.02808333333333333
1 0.619515625 0.5068472222222222 0.07196875 0.1360972222222222
0 0.486765625 0.4233472222222222 0.0243671875 0.023041666666666665
1 0.5305078125 0.41326388888888893 0.061789062500000005 0.12283333333333334
0 0.6434453125 0.39555555555555555 0.017781250000000002 0.018791666666666665
1 0.684015625 0.3998055555555556 0.0404140625 0.07975
0 0.016593749999999997 0.6473472222222222 0.014984375 0.036125000000000004
1 0.0640625 0.6375138888888888 0.0838125 0.18811111111111112