0 0.5715234375 0.9329861111111111 0.046625 0.06358333333333334
0 0.6034296875 0.8477083333333334 0.029421874999999997 0.06204166666666667
0 0.725421875 0.8121944444444444 0.021296875 0.07090277777777777
0 0.593640625 0.6574861111111111 0.021718750000000002 0.043986111111111115
0 0.44446874999999997 0.5375555555555556 0.026625 0.029930555555555557
0 0.8643984375 0.6935555555555556 0.020046875 0.03116666666666667
1 0.40418750000000003 0.5591388888888889 0.091640625 0.15620833333333334
1 0.6483671875 0.6620694444444445 0.07846875 0.1687638888888889
1 0.6823125 0.9208055555555555 0.1303671875 0.15838888888888888
1 0.757296875 0.8528611111111111 0.056984375 0.20191666666666666
1 0.9189921875 0.6977361111111111 0.0832578125 0.1440972222222222
0 0.5340390625 0.4305277777777778 0.0236953125 0.022263888888888892
1 0.5784140625 0.4279166666666667 0.05971875 0.09947222222222223
0 0.861140625 0.5053055555555556 0.0089765625 0.040388888888888884
1 0.8821406250000001 0.5326111111111111 0.0478203125 0.09022222222222222
0 0.75675 0.4590972222222222 0.013507812499999999 0.015361111111111112
1 0.7843125 0.44901388888888893 0.0525390625 0.10456944444444445