0 0.38328125 0.5527500000000001 0.02578125 0.030305555555555554
0 0.3166875 0.4617777777777778 0.019984375 0.025222222222222222
0 0.5996953125 0.5131388888888888 0.0205703125 0.022347222222222223
0 0.7395390625 0.5730416666666667 0.0182578125 0.041624999999999995
0 0.7783046875 0.691125 0.0177734375 0.03091666666666667
0 0.48390625 0.42443055555555553 0.025578125 0.020680555555555556
0 0.4894375 0.3713055555555555 0.017125 0.01936111111111111
1 0.3569296875 0.4604583333333333 0.07030468749999999 0.11555555555555556
1 0.4184765625 0.5541805555555556 0.092296875 0.16647222222222222
1 0.52196875 0.41768055555555555 0.0579921875 0.13070833333333334
1 0.5532109375 0.3636388888888889 0.035234375 0.07568055555555556
1 0.6351171875 0.48915277777777777 0.0690625 0.14865277777777777
1 0.76759375 0.5883194444444444 0.0690625 0.14870833333333333
1 0.850765625 0.7471111111111111 0.081984375 0.23645833333333333