0 0.201515625 0.80575 0.035703125 0.06277777777777778
1 0.2518828125 0.8162916666666666 0.099828125 0.2595277777777778
0 0.4726796875 0.6520694444444445 0.03028125 0.037347222222222226
1 0.51253125 0.7136388888888889 0.1392734375 0.25156944444444446
0 0.3768515625 0.550875 0.0291328125 0.029569444444444443
1 0.42072656249999996 0.5769861111111111 0.0938515625 0.17179166666666668
0 0.7003046875 0.6196111111111111 0.027476562500000003 0.03213888888888889
1 0.7321015625 0.6325972222222223 0.0803984375 0.197625
0 0.596875 0.5073888888888889 0.017390625 0.025791666666666668
1 0.6230781249999999 0.5086805555555556 0.0711015625 0.1557361111111111
0 0.725609375 0.4700833333333333 0.015625 0.024125
1 0.75296875 0.46923611111111113 0.0547109375 0.12666666666666668
0 0.6766875 0.4054861111111111 0.013343749999999998 0.020277777777777777
0 0.7101953125 0.40079166666666666 0.036796875 0.08288888888888889