0 0.47317187499999996 0.6539861111111112 0.026421875 0.035152777777777776
1 0.5501953125 0.7108888888888889 0.11195312500000001 0.25122222222222224
0 0.700140625 0.6175972222222222 0.025828125 0.028319444444444446
1 0.750953125 0.640625 0.07195312499999999 0.1953888888888889
0 0.1130859375 0.812625 0.027546875 0.05309722222222222
1 0.1525078125 0.8810972222222222 0.132859375 0.23779166666666668
0 0.318265625 0.44513888888888886 0.013671875 0.03956944444444444
1 0.3352109375 0.45961111111111114 0.06930468749999999 0.13679166666666667
0 0.45511718749999996 0.5496111111111112 0.0226796875 0.025083333333333332
1 0.5013359375 0.5228611111111111 0.08203125 0.1822222222222222
0 0.596953125 0.5053472222222223 0.020429687499999998 0.029541666666666667
1 0.6280390625 0.4991111111111111 0.06915625 0.13055555555555556