0 0.094875 0.8001250000000001 0.024781249999999998 0.03834722222222222
1 0.1221171875 0.8529305555555555 0.1399921875 0.27891666666666665
0 0.466609375 0.6570138888888889 0.029703125000000004 0.033638888888888885
1 0.507890625 0.7106388888888889 0.1399609375 0.23727777777777778
0 0.6899140625 0.8125416666666666 0.0295 0.036208333333333335
1 0.768109375 0.8526111111111111 0.0872109375 0.23393055555555556
0 0.7053828125 0.675875 0.024656249999999998 0.042416666666666665
1 0.7343359375 0.6264305555555555 0.098828125 0.17043055555555556
0 0.600375 0.5059861111111111 0.0199453125 0.024263888888888887
1 0.64790625 0.5215416666666667 0.071421875 0.12440277777777776
0 0.44584375 0.5400277777777778 0.024671875 0.027555555555555555
1 0.49403125000000003 0.5277777777777778 0.0790546875 0.1735138888888889
0 0.75734375 0.45463888888888887 0.014000000000000002 0.016013888888888887
1 0.7741796875 0.48438888888888887 0.06615625 0.12319444444444445