0 0.36753125 0.5483194444444445 0.031156250000000003 0.021291666666666667
0 0.47336718749999995 0.6532083333333334 0.026953125 0.03730555555555556
0 0.454203125 0.5415833333333333 0.015476562499999999 0.02479166666666667
1 0.420890625 0.5712777777777778 0.098109375 0.174
1 0.5253515625 0.6972222222222222 0.12262500000000001 0.21719444444444444
0 0.6897968750000001 0.8082083333333333 0.0325078125 0.03680555555555556
1 0.7499921875 0.8417499999999999 0.0816484375 0.25013888888888886
0 0.6767265625000001 0.4049861111111111 0.0146328125 0.021097222222222222
1 0.7109375 0.39955555555555555 0.036484375 0.07740277777777778
0 0.7253359374999999 0.4637777777777778 0.0176015625 0.018375
0 0.74846875 0.4625972222222222 0.01740625 0.018597222222222223
1 0.781953125 0.46601388888888884 0.047445312499999996 0.08461111111111111