0 0.4855703125 0.6990555555555555 0.0317734375 0.03813888888888889
0 0.5360625 0.6958194444444444 0.0333828125 0.035277777777777776
0 0.6512890625 0.8353194444444444 0.021546875 0.05477777777777777
0 0.8105234375 0.721611111111111 0.0153046875 0.03273611111111111
0 0.8280625 0.6576527777777778 0.014171875 0.02863888888888889
0 0.6901328125 0.5918611111111111 0.02078125 0.020847222222222222
0 0.8127187499999999 0.5296527777777779 0.014671875000000001 0.019097222222222224
0 0.1132890625 0.8034861111111111 0.0322265625 0.052708333333333336
1 0.583 0.6694305555555555 0.0934296875 0.20920833333333333
1 0.676390625 0.8682083333333334 0.1055 0.26358333333333334
1 0.8528593750000001 0.7545833333333333 0.0795234375 0.23294444444444445
1 0.9035078125 0.7009305555555556 0.0486328125 0.18729166666666666
1 0.7368750000000001 0.6158888888888889 0.075953125 0.22195833333333334
1 0.8878359375 0.5230972222222222 0.041507812500000005 0.10268055555555557
1 0.169703125 0.8687222222222223 0.1170859375 0.2267638888888889