0 0.09375 0.7993888888888888 0.0242421875 0.04055555555555555
0 0.46869531249999996 0.6568888888888889 0.03515625 0.05505555555555556
0 0.600609375 0.505375 0.022132812499999998 0.019458333333333334
0 0.6953515625 0.8215277777777777 0.03534375 0.043055555555555555
0 0.38721875 0.5543333333333333 0.0221875 0.034152777777777775
1 0.13085156250000002 0.8578194444444445 0.1071328125 0.2827222222222222
1 0.519140625 0.7051527777777777 0.12662500000000002 0.23229166666666667
1 0.4224453125 0.5789027777777778 0.08479687500000001 0.15106944444444445
1 0.752953125 0.8290972222222223 0.081359375 0.22862500000000002
1 0.650109375 0.5127361111111112 0.0661953125 0.11326388888888889
0 0.6766875 0.4039861111111111 0.0182421875 0.021222222222222222
1 0.7002421875 0.3985 0.035765625 0.08393055555555555
0 0.7572890625 0.4552638888888889 0.0137734375 0.017791666666666667
1 0.7818125 0.46819444444444447 0.0525390625 0.0932638888888889