0 0.3786796875 0.4571805555555556 0.021265625 0.022458333333333337
0 0.3802890625 0.5261666666666667 0.015085937499999999 0.025708333333333337
0 0.31353906249999997 0.455625 0.0131796875 0.020375
0 0.7363359375 0.5855694444444445 0.0219609375 0.024777777777777777
0 0.7422109375 0.4427222222222222 0.0131875 0.017652777777777778
0 0.48763281249999996 0.3711527777777778 0.0174375 0.01563888888888889
1 0.3353359375 0.4558472222222222 0.077203125 0.12565277777777778
1 0.40842968749999997 0.5473333333333333 0.0851796875 0.191
1 0.772296875 0.5886111111111111 0.060289062500000004 0.15361111111111111
1 0.7771640625 0.4842916666666667 0.054296875 0.1115138888888889
1 0.52696875 0.35791666666666666 0.052593749999999995 0.08727777777777779
1 0.41753125 0.41334722222222225 0.0601328125 0.10087499999999999
0 0.49264843750000004 0.4273472222222222 0.0298359375 0.021152777777777777
1 0.5512265625 0.4330416666666667 0.054242187500000004 0.09190277777777778