0 0.2140859375 0.7541666666666667 0.04340625 0.03816666666666667
0 0.6092109375 0.6660138888888889 0.0226328125 0.057499999999999996
0 0.60996875 0.8504444444444446 0.037421875 0.07001388888888889
0 0.863796875 0.5120972222222222 0.012750000000000001 0.04122222222222222
0 0.8734140625 0.7360555555555556 0.021367187500000002 0.035124999999999997
0 0.5690078125 0.9351527777777777 0.027609375000000002 0.045166666666666674
0 0.107578125 0.6033055555555555 0.0220078125 0.049902777777777775
1 0.081875 0.6360833333333333 0.0858046875 0.20174999999999998
1 0.29978906250000004 0.8315277777777779 0.11404687499999999 0.23633333333333334
1 0.6426875 0.6692083333333333 0.08065625 0.16454166666666667
1 0.690140625 0.9150138888888888 0.15437499999999998 0.16998611111111112
1 0.9206953125 0.6976805555555555 0.066625 0.12697222222222224
1 0.879703125 0.5335416666666666 0.058804687499999994 0.09938888888888889
0 0.10778125000000001 0.8166944444444444 0.027492187499999998 0.06670833333333334
1 0.07421093749999999 0.8521388888888889 0.11377343749999999 0.28325
0 0.7261640625 0.8137638888888888 0.024054687499999998 0.06240277777777778
1 0.7467421875 0.8402638888888889 0.065140625 0.1891388888888889
0 0.7560625 0.4545555555555555 0.0148046875 0.024583333333333332
1 0.7835234375 0.4478333333333333 0.0487421875 0.10441666666666667