0 0.20486718750000002 0.7891944444444445 0.0281015625 0.05583333333333334
1 0.2386875 0.7898611111111111 0.1300390625 0.24747222222222223
0 0.47440625000000003 0.6526805555555556 0.027234374999999998 0.032875
1 0.515515625 0.7018888888888889 0.12798437499999998 0.2450138888888889
0 0.37571875 0.5509166666666667 0.0301015625 0.02545833333333333
1 0.4222578125 0.5980694444444444 0.101859375 0.18897222222222224
0 0.702796875 0.6135277777777778 0.0156640625 0.018375
1 0.7271875 0.6126944444444444 0.08725000000000001 0.15527777777777776
0 0.5984140625000001 0.5098194444444444 0.017687500000000002 0.022833333333333334
1 0.6241796875000001 0.508875 0.07162500000000001 0.1579722222222222
0 0.67653125 0.40479166666666666 0.014320312499999998 0.019930555555555556
1 0.708328125 0.4011666666666666 0.038375 0.08305555555555555