0 0.4728515625 0.6542777777777777 0.024953125 0.033888888888888885
1 0.5268671875 0.7109861111111111 0.11364062500000001 0.22755555555555557
0 0.3714765625 0.5558888888888889 0.029476562499999998 0.018583333333333334
1 0.431953125 0.5641944444444444 0.0867109375 0.185
1 0.5033984375 0.5291388888888889 0.0704140625 0.1668888888888889
0 0.4550859375 0.5496111111111112 0.0231640625 0.02363888888888889
1 0.75275 0.6520555555555556 0.063328125 0.21054166666666668
0 0.700203125 0.6173611111111111 0.025859375 0.02834722222222222
0 0.113390625 0.8134444444444444 0.028898437500000002 0.05429166666666667
1 0.150890625 0.8788472222222222 0.13190625 0.2300972222222222
0 0.31746093750000004 0.44736111111111115 0.0144296875 0.034111111111111106
1 0.3382265625 0.4615277777777778 0.069734375 0.13781944444444444
0 0.7273671875 0.4624027777777778 0.017734375 0.01801388888888889
1 0.7603359375000001 0.45666666666666667 0.0485546875 0.08743055555555555
0 0.5995 0.5115138888888889 0.015859375000000002 0.024180555555555556
1 0.6321718749999999 0.49 0.06515625 0.12006944444444445