0 0.10796093749999999 0.6303333333333333 0.023640625000000002 0.03916666666666667
0 0.47974218750000003 0.6991388888888889 0.0237734375 0.07208333333333333
0 0.8138125 0.5323194444444445 0.022375 0.021555555555555553
0 0.84021875 0.5260694444444444 0.018375 0.020541666666666666
1 0.1769921875 0.6035277777777778 0.08909375 0.23390277777777777
1 0.5306328125 0.6624444444444444 0.063046875 0.11375
1 0.8610859375000001 0.5289027777777778 0.0530390625 0.12216666666666666
1 0.9022890625000001 0.5227777777777778 0.03353125 0.08955555555555555
0 0.444453125 0.5378888888888889 0.0256171875 0.02813888888888889
1 0.409625 0.5722222222222222 0.0907734375 0.14756944444444445
0 0.4731328125 0.3603888888888889 0.0215234375 0.02373611111111111
1 0.48871093749999994 0.3636111111111111 0.04071875 0.08431944444444445