0 0.11078125000000001 0.7983194444444444 0.03871875 0.04461111111111111
1 0.178171875 0.8925138888888889 0.12782812500000001 0.21495833333333333
0 0.44957812500000005 0.7185 0.0248671875 0.04059722222222222
1 0.48746875 0.7353472222222223 0.127296875 0.2615138888888889
0 0.6913125 0.5958194444444445 0.0198828125 0.029819444444444444
1 0.727484375 0.6042083333333333 0.08544531250000001 0.23933333333333331
0 0.6064453125 0.8255694444444444 0.0226875 0.06754166666666667
1 0.6389218750000001 0.8586805555555556 0.1383828125 0.282625
0 0.8159375000000001 0.7445555555555556 0.015390625 0.04311111111111111
1 0.8474453125 0.7564027777777778 0.0911015625 0.21790277777777775
0 0.827375 0.6549722222222222 0.0164375 0.021625000000000002
1 0.893375 0.6539722222222223 0.044687500000000005 0.09309722222222222
0 0.6495390624999999 0.41727777777777775 0.014710937499999998 0.017527777777777778
1 0.6796796875 0.4096805555555556 0.039421875 0.08634722222222223