0 0.11540625 0.48081944444444447 0.025015625000000003 0.020125
0 0.46692968749999997 0.6559444444444444 0.027375 0.035861111111111114
0 0.6006015625 0.506125 0.0183984375 0.020583333333333335
1 0.146375 0.49561111111111106 0.06325 0.13895833333333332
1 0.5194375 0.7061527777777777 0.139328125 0.24555555555555558
1 0.6515546875 0.5126111111111111 0.0632109375 0.11493055555555555
0 0.6953359375 0.8116111111111112 0.02653125 0.04091666666666667
1 0.7538046875 0.8401805555555555 0.09125781250000001 0.23056944444444444
0 0.757453125 0.45549999999999996 0.014101562500000001 0.018458333333333334
1 0.7776562499999999 0.46525000000000005 0.058984375 0.09647222222222221
0 0.676578125 0.4047777777777778 0.017390625 0.02123611111111111
1 0.707734375 0.3982361111111111 0.038906249999999996 0.0813611111111111