0 0.6123984375 0.8748888888888888 0.0391640625 0.04836111111111111
0 0.738328125 0.5769166666666666 0.017 0.04093055555555555
0 0.742359375 0.4430972222222222 0.0109453125 0.016875
0 0.4888125 0.37143055555555554 0.018265625 0.014666666666666668
1 0.527171875 0.3546388888888889 0.049539062499999995 0.09133333333333334
1 0.7797578125 0.47275 0.052289062500000004 0.08615277777777777
1 0.771765625 0.5895972222222222 0.056906250000000005 0.14925
1 0.649125 0.900625 0.12601562500000002 0.1987638888888889
1 0.8501484375 0.7375138888888889 0.0935703125 0.21691666666666667
0 0.778578125 0.6893750000000001 0.01753125 0.03165277777777778
0 0.492875 0.42688888888888893 0.027546875 0.019736111111111114
1 0.5515625 0.43988888888888894 0.056820312500000004 0.0962638888888889