0 0.610953125 0.5043194444444444 0.0156875 0.017847222222222223
1 0.6187109375000001 0.5107361111111112 0.0729375 0.12958333333333333
0 0.48845312500000004 0.4238194444444444 0.022453124999999997 0.02625
1 0.5280234375 0.42105555555555557 0.0591796875 0.12580555555555556
0 0.6442734375 0.39575 0.0184140625 0.01965277777777778
0 0.6678203125 0.414875 0.0146796875 0.01634722222222222
1 0.703640625 0.4043472222222222 0.027375 0.07659722222222222
0 0.3706328125 0.4527083333333333 0.01453125 0.01786111111111111
1 0.40737500000000004 0.44175 0.065984375 0.1252361111111111
0 0.0175546875 0.6489305555555556 0.018875 0.035513888888888887
1 0.07535937499999999 0.6560694444444445 0.0997890625 0.1778888888888889