0 0.11282812499999999 0.8000694444444444 0.03521875 0.050375
1 0.0701171875 0.8513611111111111 0.12740625 0.2972916666666667
0 0.4845 0.6968194444444444 0.0350859375 0.04234722222222222
1 0.590796875 0.6592361111111111 0.10559375 0.27391666666666664
0 0.65190625 0.8436805555555557 0.026070312499999998 0.06090277777777778
1 0.654484375 0.8688333333333332 0.1416015625 0.2623333333333333
0 0.827921875 0.6558472222222222 0.0164609375 0.02677777777777778
1 0.839421875 0.7604444444444444 0.10099218750000001 0.2081527777777778
0 0.811140625 0.5295 0.01971875 0.025583333333333336
1 0.8642578125 0.5670833333333334 0.0669921875 0.09515277777777778
0 0.4988984375 0.418 0.0150546875 0.029958333333333333
1 0.5150390625 0.4547083333333333 0.07478125 0.17345833333333333
0 0.094609375 0.43459722222222225 0.026921875 0.03202777777777777
1 0.13089062499999998 0.41129166666666667 0.0619609375 0.13602777777777778