0 0.2009296875 0.8108194444444444 0.036609375 0.058527777777777776
0 0.4734765625 0.6538611111111111 0.026468750000000003 0.034902777777777776
0 0.37617968749999997 0.551 0.030929687500000004 0.026375
1 0.263484375 0.8265277777777779 0.1011484375 0.2887361111111111
1 0.42397656250000004 0.5744583333333334 0.0904375 0.16515277777777776
1 0.515921875 0.7072777777777778 0.13089062499999998 0.23268055555555556
0 0.451484375 0.5487916666666667 0.010234375 0.026972222222222224
0 0.7003359375 0.6156944444444444 0.01896875 0.020444444444444446
1 0.72884375 0.6145 0.08985937499999999 0.157
0 0.6762578125 0.4048611111111111 0.0130546875 0.021694444444444443
1 0.708703125 0.4004166666666667 0.035898437500000005 0.08033333333333334
0 0.3087578125 0.44893055555555555 0.01584375 0.034208333333333334
1 0.3289375 0.45769444444444446 0.0846328125 0.1327638888888889